{
  "lastUpdated": "2026-07-15T23:47:17.709326+05:30",
  "totalValue": 158004.85,
  "holdings": [
    {
      "ticker": "NIFTYBEES.NS",
      "name": "Nippon India Nifty 50 ETF",
      "quantity": 100,
      "avgCost": 245.0,
      "currentPrice": 273.66,
      "dayChange": 0.11,
      "totalValue": 27366.0,
      "totalCost": 24500.0,
      "pnl": 2866.0,
      "pnlPct": 11.7,
      "weight": 17.32
    },
    {
      "ticker": "HDFCBANK.NS",
      "name": "HDFC Bank",
      "quantity": 25,
      "avgCost": 1580.0,
      "currentPrice": 815.45,
      "dayChange": 0.75,
      "totalValue": 20386.25,
      "totalCost": 39500.0,
      "pnl": -19113.75,
      "pnlPct": -48.39,
      "weight": 12.9
    },
    {
      "ticker": "RELIANCE.NS",
      "name": "Reliance Industries",
      "quantity": 10,
      "avgCost": 2450.0,
      "currentPrice": 1295.5,
      "dayChange": 0.19,
      "totalValue": 12955.0,
      "totalCost": 24500.0,
      "pnl": -11545.0,
      "pnlPct": -47.12,
      "weight": 8.2
    },
    {
      "ticker": "INFY.NS",
      "name": "Infosys",
      "quantity": 30,
      "avgCost": 1420.0,
      "currentPrice": 1076.3,
      "dayChange": -1.52,
      "totalValue": 32289.0,
      "totalCost": 42600.0,
      "pnl": -10311.0,
      "pnlPct": -24.2,
      "weight": 20.44
    },
    {
      "ticker": "TCS.NS",
      "name": "TCS",
      "quantity": 8,
      "avgCost": 3600.0,
      "currentPrice": 2189.2,
      "dayChange": 0.03,
      "totalValue": 17513.6,
      "totalCost": 28800.0,
      "pnl": -11286.4,
      "pnlPct": -39.19,
      "weight": 11.08
    },
    {
      "ticker": "TATASTEEL.NS",
      "name": "Tata Steel",
      "quantity": 50,
      "avgCost": 135.0,
      "currentPrice": 185.26,
      "dayChange": -1.6,
      "totalValue": 9263.0,
      "totalCost": 6750.0,
      "pnl": 2513.0,
      "pnlPct": 37.23,
      "weight": 5.86
    },
    {
      "ticker": "HINDALCO.NS",
      "name": "Hindalco Industries",
      "quantity": 40,
      "avgCost": 520.0,
      "currentPrice": 955.8,
      "dayChange": -1.9,
      "totalValue": 38232.0,
      "totalCost": 20800.0,
      "pnl": 17432.0,
      "pnlPct": 83.81,
      "weight": 24.2
    }
  ],
  "correlationLabels": [
    "Nippon",
    "HDFC",
    "Reliance",
    "Infosys",
    "TCS",
    "Tata",
    "Hindalco"
  ],
  "correlationMatrix": [
    [
      1.0,
      0.843,
      0.585,
      0.256,
      0.357,
      0.625,
      0.355
    ],
    [
      0.843,
      1.0,
      0.421,
      0.14,
      0.219,
      0.446,
      0.242
    ],
    [
      0.585,
      0.421,
      1.0,
      0.134,
      0.164,
      0.326,
      0.241
    ],
    [
      0.256,
      0.14,
      0.134,
      1.0,
      0.832,
      0.035,
      0.02
    ],
    [
      0.357,
      0.219,
      0.164,
      0.832,
      1.0,
      0.139,
      0.131
    ],
    [
      0.625,
      0.446,
      0.326,
      0.035,
      0.139,
      1.0,
      0.653
    ],
    [
      0.355,
      0.242,
      0.241,
      0.02,
      0.131,
      0.653,
      1.0
    ]
  ]
}