{
  "lastUpdated": "2026-07-23T19:35:26.888750+05:30",
  "totalValue": 155403.95,
  "holdings": [
    {
      "ticker": "NIFTYBEES.NS",
      "name": "Nippon India Nifty 50 ETF",
      "quantity": 100,
      "avgCost": 245.0,
      "currentPrice": 271.98,
      "dayChange": -0.5,
      "totalValue": 27198.0,
      "totalCost": 24500.0,
      "pnl": 2698.0,
      "pnlPct": 11.01,
      "weight": 17.5
    },
    {
      "ticker": "HDFCBANK.NS",
      "name": "HDFC Bank",
      "quantity": 25,
      "avgCost": 1580.0,
      "currentPrice": 747.25,
      "dayChange": -0.78,
      "totalValue": 18681.25,
      "totalCost": 39500.0,
      "pnl": -20818.75,
      "pnlPct": -52.71,
      "weight": 12.02
    },
    {
      "ticker": "RELIANCE.NS",
      "name": "Reliance Industries",
      "quantity": 10,
      "avgCost": 2450.0,
      "currentPrice": 1272.2,
      "dayChange": -1.27,
      "totalValue": 12722.0,
      "totalCost": 24500.0,
      "pnl": -11778.0,
      "pnlPct": -48.07,
      "weight": 8.19
    },
    {
      "ticker": "INFY.NS",
      "name": "Infosys",
      "quantity": 30,
      "avgCost": 1420.0,
      "currentPrice": 1047.4,
      "dayChange": -0.45,
      "totalValue": 31422.0,
      "totalCost": 42600.0,
      "pnl": -11178.0,
      "pnlPct": -26.24,
      "weight": 20.22
    },
    {
      "ticker": "TCS.NS",
      "name": "TCS",
      "quantity": 8,
      "avgCost": 3600.0,
      "currentPrice": 2242.9,
      "dayChange": 1.57,
      "totalValue": 17943.2,
      "totalCost": 28800.0,
      "pnl": -10856.8,
      "pnlPct": -37.7,
      "weight": 11.55
    },
    {
      "ticker": "TATASTEEL.NS",
      "name": "Tata Steel",
      "quantity": 50,
      "avgCost": 135.0,
      "currentPrice": 184.23,
      "dayChange": -1.23,
      "totalValue": 9211.5,
      "totalCost": 6750.0,
      "pnl": 2461.5,
      "pnlPct": 36.47,
      "weight": 5.93
    },
    {
      "ticker": "HINDALCO.NS",
      "name": "Hindalco Industries",
      "quantity": 40,
      "avgCost": 520.0,
      "currentPrice": 955.65,
      "dayChange": 0.59,
      "totalValue": 38226.0,
      "totalCost": 20800.0,
      "pnl": 17426.0,
      "pnlPct": 83.78,
      "weight": 24.6
    }
  ],
  "correlationLabels": [
    "Nippon",
    "HDFC",
    "Reliance",
    "Infosys",
    "TCS",
    "Tata",
    "Hindalco"
  ],
  "correlationMatrix": [
    [
      1.0,
      0.827,
      0.592,
      0.268,
      0.359,
      0.62,
      0.352
    ],
    [
      0.827,
      1.0,
      0.437,
      0.147,
      0.228,
      0.436,
      0.229
    ],
    [
      0.592,
      0.437,
      1.0,
      0.155,
      0.171,
      0.324,
      0.229
    ],
    [
      0.268,
      0.147,
      0.155,
      1.0,
      0.832,
      0.037,
      0.036
    ],
    [
      0.359,
      0.228,
      0.171,
      0.832,
      1.0,
      0.124,
      0.126
    ],
    [
      0.62,
      0.436,
      0.324,
      0.037,
      0.124,
      1.0,
      0.652
    ],
    [
      0.352,
      0.229,
      0.229,
      0.036,
      0.126,
      0.652,
      1.0
    ]
  ]
}