{
  "lastUpdated": "2026-07-17T08:17:55.439671+05:30",
  "totalValue": NaN,
  "holdings": [
    {
      "ticker": "NIFTYBEES.NS",
      "name": "Nippon India Nifty 50 ETF",
      "quantity": 100,
      "avgCost": 245.0,
      "currentPrice": NaN,
      "dayChange": NaN,
      "totalValue": NaN,
      "totalCost": 24500.0,
      "pnl": NaN,
      "pnlPct": NaN,
      "weight": 0
    },
    {
      "ticker": "HDFCBANK.NS",
      "name": "HDFC Bank",
      "quantity": 25,
      "avgCost": 1580.0,
      "currentPrice": 808.3,
      "dayChange": -0.88,
      "totalValue": 20207.5,
      "totalCost": 39500.0,
      "pnl": -19292.5,
      "pnlPct": -48.84,
      "weight": 0
    },
    {
      "ticker": "RELIANCE.NS",
      "name": "Reliance Industries",
      "quantity": 10,
      "avgCost": 2450.0,
      "currentPrice": 1296.6,
      "dayChange": 0.08,
      "totalValue": 12966.0,
      "totalCost": 24500.0,
      "pnl": -11534.0,
      "pnlPct": -47.08,
      "weight": 0
    },
    {
      "ticker": "INFY.NS",
      "name": "Infosys",
      "quantity": 30,
      "avgCost": 1420.0,
      "currentPrice": 1082.4,
      "dayChange": 0.57,
      "totalValue": 32472.0,
      "totalCost": 42600.0,
      "pnl": -10128.0,
      "pnlPct": -23.77,
      "weight": 0
    },
    {
      "ticker": "TCS.NS",
      "name": "TCS",
      "quantity": 8,
      "avgCost": 3600.0,
      "currentPrice": 2201.0,
      "dayChange": 0.54,
      "totalValue": 17608.0,
      "totalCost": 28800.0,
      "pnl": -11192.0,
      "pnlPct": -38.86,
      "weight": 0
    },
    {
      "ticker": "TATASTEEL.NS",
      "name": "Tata Steel",
      "quantity": 50,
      "avgCost": 135.0,
      "currentPrice": 185.49,
      "dayChange": 0.12,
      "totalValue": 9274.5,
      "totalCost": 6750.0,
      "pnl": 2524.5,
      "pnlPct": 37.4,
      "weight": 0
    },
    {
      "ticker": "HINDALCO.NS",
      "name": "Hindalco Industries",
      "quantity": 40,
      "avgCost": 520.0,
      "currentPrice": NaN,
      "dayChange": NaN,
      "totalValue": NaN,
      "totalCost": 20800.0,
      "pnl": NaN,
      "pnlPct": NaN,
      "weight": 0
    }
  ],
  "correlationLabels": [
    "Nippon",
    "HDFC",
    "Reliance",
    "Infosys",
    "TCS",
    "Tata",
    "Hindalco"
  ],
  "correlationMatrix": [
    [
      1.0,
      0.842,
      0.585,
      0.26,
      0.358,
      0.626,
      0.359
    ],
    [
      0.842,
      1.0,
      0.421,
      0.133,
      0.215,
      0.447,
      0.247
    ],
    [
      0.585,
      0.421,
      1.0,
      0.138,
      0.165,
      0.326,
      0.243
    ],
    [
      0.26,
      0.133,
      0.138,
      1.0,
      0.836,
      0.044,
      0.045
    ],
    [
      0.358,
      0.215,
      0.165,
      0.836,
      1.0,
      0.143,
      0.143
    ],
    [
      0.626,
      0.447,
      0.326,
      0.044,
      0.143,
      1.0,
      0.654
    ],
    [
      0.359,
      0.247,
      0.243,
      0.045,
      0.143,
      0.654,
      1.0
    ]
  ]
}