{
  "lastUpdated": "2026-07-22T19:30:33.612324+05:30",
  "totalValue": 155606.65,
  "holdings": [
    {
      "ticker": "NIFTYBEES.NS",
      "name": "Nippon India Nifty 50 ETF",
      "quantity": 100,
      "avgCost": 245.0,
      "currentPrice": 273.36,
      "dayChange": -0.64,
      "totalValue": 27336.0,
      "totalCost": 24500.0,
      "pnl": 2836.0,
      "pnlPct": 11.58,
      "weight": 17.57
    },
    {
      "ticker": "HDFCBANK.NS",
      "name": "HDFC Bank",
      "quantity": 25,
      "avgCost": 1580.0,
      "currentPrice": 753.15,
      "dayChange": -1.09,
      "totalValue": 18828.75,
      "totalCost": 39500.0,
      "pnl": -20671.25,
      "pnlPct": -52.33,
      "weight": 12.1
    },
    {
      "ticker": "RELIANCE.NS",
      "name": "Reliance Industries",
      "quantity": 10,
      "avgCost": 2450.0,
      "currentPrice": 1288.6,
      "dayChange": -1.16,
      "totalValue": 12886.0,
      "totalCost": 24500.0,
      "pnl": -11614.0,
      "pnlPct": -47.4,
      "weight": 8.28
    },
    {
      "ticker": "INFY.NS",
      "name": "Infosys",
      "quantity": 30,
      "avgCost": 1420.0,
      "currentPrice": 1052.1,
      "dayChange": -1.99,
      "totalValue": 31563.0,
      "totalCost": 42600.0,
      "pnl": -11037.0,
      "pnlPct": -25.91,
      "weight": 20.28
    },
    {
      "ticker": "TCS.NS",
      "name": "TCS",
      "quantity": 8,
      "avgCost": 3600.0,
      "currentPrice": 2208.3,
      "dayChange": -0.58,
      "totalValue": 17666.4,
      "totalCost": 28800.0,
      "pnl": -11133.6,
      "pnlPct": -38.66,
      "weight": 11.35
    },
    {
      "ticker": "TATASTEEL.NS",
      "name": "Tata Steel",
      "quantity": 50,
      "avgCost": 135.0,
      "currentPrice": 186.53,
      "dayChange": -0.38,
      "totalValue": 9326.5,
      "totalCost": 6750.0,
      "pnl": 2576.5,
      "pnlPct": 38.17,
      "weight": 5.99
    },
    {
      "ticker": "HINDALCO.NS",
      "name": "Hindalco Industries",
      "quantity": 40,
      "avgCost": 520.0,
      "currentPrice": 950.0,
      "dayChange": -0.15,
      "totalValue": 38000.0,
      "totalCost": 20800.0,
      "pnl": 17200.0,
      "pnlPct": 82.69,
      "weight": 24.42
    }
  ],
  "correlationLabels": [
    "Nippon",
    "HDFC",
    "Reliance",
    "Infosys",
    "TCS",
    "Tata",
    "Hindalco"
  ],
  "correlationMatrix": [
    [
      1.0,
      0.824,
      0.594,
      0.264,
      0.36,
      0.619,
      0.35
    ],
    [
      0.824,
      1.0,
      0.435,
      0.147,
      0.231,
      0.435,
      0.229
    ],
    [
      0.594,
      0.435,
      1.0,
      0.152,
      0.175,
      0.322,
      0.229
    ],
    [
      0.264,
      0.147,
      0.152,
      1.0,
      0.835,
      0.035,
      0.037
    ],
    [
      0.36,
      0.231,
      0.175,
      0.835,
      1.0,
      0.129,
      0.125
    ],
    [
      0.619,
      0.435,
      0.322,
      0.035,
      0.129,
      1.0,
      0.653
    ],
    [
      0.35,
      0.229,
      0.229,
      0.037,
      0.125,
      0.653,
      1.0
    ]
  ]
}