{
  "lastUpdated": "2026-07-22T08:18:33.993192+05:30",
  "totalValue": NaN,
  "holdings": [
    {
      "ticker": "NIFTYBEES.NS",
      "name": "Nippon India Nifty 50 ETF",
      "quantity": 100,
      "avgCost": 245.0,
      "currentPrice": NaN,
      "dayChange": NaN,
      "totalValue": NaN,
      "totalCost": 24500.0,
      "pnl": NaN,
      "pnlPct": NaN,
      "weight": 0
    },
    {
      "ticker": "HDFCBANK.NS",
      "name": "HDFC Bank",
      "quantity": 25,
      "avgCost": 1580.0,
      "currentPrice": 761.45,
      "dayChange": -2.08,
      "totalValue": 19036.25,
      "totalCost": 39500.0,
      "pnl": -20463.75,
      "pnlPct": -51.81,
      "weight": 0
    },
    {
      "ticker": "RELIANCE.NS",
      "name": "Reliance Industries",
      "quantity": 10,
      "avgCost": 2450.0,
      "currentPrice": 1303.7,
      "dayChange": -1.47,
      "totalValue": 13037.0,
      "totalCost": 24500.0,
      "pnl": -11463.0,
      "pnlPct": -46.79,
      "weight": 0
    },
    {
      "ticker": "INFY.NS",
      "name": "Infosys",
      "quantity": 30,
      "avgCost": 1420.0,
      "currentPrice": 1073.5,
      "dayChange": -1.25,
      "totalValue": 32205.0,
      "totalCost": 42600.0,
      "pnl": -10395.0,
      "pnlPct": -24.4,
      "weight": 0
    },
    {
      "ticker": "TCS.NS",
      "name": "TCS",
      "quantity": 8,
      "avgCost": 3600.0,
      "currentPrice": 2221.1,
      "dayChange": -1.33,
      "totalValue": 17768.8,
      "totalCost": 28800.0,
      "pnl": -11031.2,
      "pnlPct": -38.3,
      "weight": 0
    },
    {
      "ticker": "TATASTEEL.NS",
      "name": "Tata Steel",
      "quantity": 50,
      "avgCost": 135.0,
      "currentPrice": 187.24,
      "dayChange": 0.45,
      "totalValue": 9362.0,
      "totalCost": 6750.0,
      "pnl": 2612.0,
      "pnlPct": 38.7,
      "weight": 0
    },
    {
      "ticker": "HINDALCO.NS",
      "name": "Hindalco Industries",
      "quantity": 40,
      "avgCost": 520.0,
      "currentPrice": NaN,
      "dayChange": NaN,
      "totalValue": NaN,
      "totalCost": 20800.0,
      "pnl": NaN,
      "pnlPct": NaN,
      "weight": 0
    }
  ],
  "correlationLabels": [
    "Nippon",
    "HDFC",
    "Reliance",
    "Infosys",
    "TCS",
    "Tata",
    "Hindalco"
  ],
  "correlationMatrix": [
    [
      1.0,
      0.821,
      0.589,
      0.262,
      0.361,
      0.621,
      0.351
    ],
    [
      0.821,
      1.0,
      0.433,
      0.143,
      0.23,
      0.431,
      0.231
    ],
    [
      0.589,
      0.433,
      1.0,
      0.148,
      0.174,
      0.319,
      0.23
    ],
    [
      0.262,
      0.143,
      0.148,
      1.0,
      0.836,
      0.038,
      0.038
    ],
    [
      0.361,
      0.23,
      0.174,
      0.836,
      1.0,
      0.133,
      0.127
    ],
    [
      0.621,
      0.431,
      0.319,
      0.038,
      0.133,
      1.0,
      0.651
    ],
    [
      0.351,
      0.231,
      0.23,
      0.038,
      0.127,
      0.651,
      1.0
    ]
  ]
}