{
  "lastUpdated": "2026-07-18T08:09:07.803825+05:30",
  "totalValue": NaN,
  "holdings": [
    {
      "ticker": "NIFTYBEES.NS",
      "name": "Nippon India Nifty 50 ETF",
      "quantity": 100,
      "avgCost": 245.0,
      "currentPrice": NaN,
      "dayChange": NaN,
      "totalValue": NaN,
      "totalCost": 24500.0,
      "pnl": NaN,
      "pnlPct": NaN,
      "weight": 0
    },
    {
      "ticker": "HDFCBANK.NS",
      "name": "HDFC Bank",
      "quantity": 25,
      "avgCost": 1580.0,
      "currentPrice": 819.6,
      "dayChange": 1.4,
      "totalValue": 20490.0,
      "totalCost": 39500.0,
      "pnl": -19010.0,
      "pnlPct": -48.13,
      "weight": 0
    },
    {
      "ticker": "RELIANCE.NS",
      "name": "Reliance Industries",
      "quantity": 10,
      "avgCost": 2450.0,
      "currentPrice": 1327.2,
      "dayChange": 2.36,
      "totalValue": 13272.0,
      "totalCost": 24500.0,
      "pnl": -11228.0,
      "pnlPct": -45.83,
      "weight": 0
    },
    {
      "ticker": "INFY.NS",
      "name": "Infosys",
      "quantity": 30,
      "avgCost": 1420.0,
      "currentPrice": 1096.5,
      "dayChange": 1.3,
      "totalValue": 32895.0,
      "totalCost": 42600.0,
      "pnl": -9705.0,
      "pnlPct": -22.78,
      "weight": 0
    },
    {
      "ticker": "TCS.NS",
      "name": "TCS",
      "quantity": 8,
      "avgCost": 3600.0,
      "currentPrice": 2269.0,
      "dayChange": 3.09,
      "totalValue": 18152.0,
      "totalCost": 28800.0,
      "pnl": -10648.0,
      "pnlPct": -36.97,
      "weight": 0
    },
    {
      "ticker": "TATASTEEL.NS",
      "name": "Tata Steel",
      "quantity": 50,
      "avgCost": 135.0,
      "currentPrice": 185.89,
      "dayChange": 0.22,
      "totalValue": 9294.5,
      "totalCost": 6750.0,
      "pnl": 2544.5,
      "pnlPct": 37.7,
      "weight": 0
    },
    {
      "ticker": "HINDALCO.NS",
      "name": "Hindalco Industries",
      "quantity": 40,
      "avgCost": 520.0,
      "currentPrice": NaN,
      "dayChange": NaN,
      "totalValue": NaN,
      "totalCost": 20800.0,
      "pnl": NaN,
      "pnlPct": NaN,
      "weight": 0
    }
  ],
  "correlationLabels": [
    "Nippon",
    "HDFC",
    "Reliance",
    "Infosys",
    "TCS",
    "Tata",
    "Hindalco"
  ],
  "correlationMatrix": [
    [
      1.0,
      0.839,
      0.582,
      0.26,
      0.353,
      0.626,
      0.36
    ],
    [
      0.839,
      1.0,
      0.431,
      0.137,
      0.223,
      0.446,
      0.246
    ],
    [
      0.582,
      0.431,
      1.0,
      0.147,
      0.177,
      0.329,
      0.248
    ],
    [
      0.26,
      0.137,
      0.147,
      1.0,
      0.835,
      0.044,
      0.046
    ],
    [
      0.353,
      0.223,
      0.177,
      0.835,
      1.0,
      0.143,
      0.143
    ],
    [
      0.626,
      0.446,
      0.329,
      0.044,
      0.143,
      1.0,
      0.654
    ],
    [
      0.36,
      0.246,
      0.248,
      0.046,
      0.143,
      0.654,
      1.0
    ]
  ]
}