{
  "lastUpdated": "2026-07-18T18:49:40.961455+05:30",
  "totalValue": 159515.5,
  "holdings": [
    {
      "ticker": "NIFTYBEES.NS",
      "name": "Nippon India Nifty 50 ETF",
      "quantity": 100,
      "avgCost": 245.0,
      "currentPrice": 276.46,
      "dayChange": 0.9,
      "totalValue": 27646.0,
      "totalCost": 24500.0,
      "pnl": 3146.0,
      "pnlPct": 12.84,
      "weight": 17.33
    },
    {
      "ticker": "HDFCBANK.NS",
      "name": "HDFC Bank",
      "quantity": 25,
      "avgCost": 1580.0,
      "currentPrice": 819.6,
      "dayChange": 1.4,
      "totalValue": 20490.0,
      "totalCost": 39500.0,
      "pnl": -19010.0,
      "pnlPct": -48.13,
      "weight": 12.85
    },
    {
      "ticker": "RELIANCE.NS",
      "name": "Reliance Industries",
      "quantity": 10,
      "avgCost": 2450.0,
      "currentPrice": 1327.2,
      "dayChange": 2.36,
      "totalValue": 13272.0,
      "totalCost": 24500.0,
      "pnl": -11228.0,
      "pnlPct": -45.83,
      "weight": 8.32
    },
    {
      "ticker": "INFY.NS",
      "name": "Infosys",
      "quantity": 30,
      "avgCost": 1420.0,
      "currentPrice": 1096.5,
      "dayChange": 1.3,
      "totalValue": 32895.0,
      "totalCost": 42600.0,
      "pnl": -9705.0,
      "pnlPct": -22.78,
      "weight": 20.62
    },
    {
      "ticker": "TCS.NS",
      "name": "TCS",
      "quantity": 8,
      "avgCost": 3600.0,
      "currentPrice": 2269.0,
      "dayChange": 3.09,
      "totalValue": 18152.0,
      "totalCost": 28800.0,
      "pnl": -10648.0,
      "pnlPct": -36.97,
      "weight": 11.38
    },
    {
      "ticker": "TATASTEEL.NS",
      "name": "Tata Steel",
      "quantity": 50,
      "avgCost": 135.0,
      "currentPrice": 185.89,
      "dayChange": 0.22,
      "totalValue": 9294.5,
      "totalCost": 6750.0,
      "pnl": 2544.5,
      "pnlPct": 37.7,
      "weight": 5.83
    },
    {
      "ticker": "HINDALCO.NS",
      "name": "Hindalco Industries",
      "quantity": 40,
      "avgCost": 520.0,
      "currentPrice": 944.15,
      "dayChange": -1.58,
      "totalValue": 37766.0,
      "totalCost": 20800.0,
      "pnl": 16966.0,
      "pnlPct": 81.57,
      "weight": 23.68
    }
  ],
  "correlationLabels": [
    "Nippon",
    "HDFC",
    "Reliance",
    "Infosys",
    "TCS",
    "Tata",
    "Hindalco"
  ],
  "correlationMatrix": [
    [
      1.0,
      0.843,
      0.592,
      0.264,
      0.364,
      0.625,
      0.352
    ],
    [
      0.843,
      1.0,
      0.431,
      0.137,
      0.223,
      0.446,
      0.239
    ],
    [
      0.592,
      0.431,
      1.0,
      0.147,
      0.177,
      0.329,
      0.237
    ],
    [
      0.264,
      0.137,
      0.147,
      1.0,
      0.835,
      0.044,
      0.041
    ],
    [
      0.364,
      0.223,
      0.177,
      0.835,
      1.0,
      0.143,
      0.133
    ],
    [
      0.625,
      0.446,
      0.329,
      0.044,
      0.143,
      1.0,
      0.652
    ],
    [
      0.352,
      0.239,
      0.237,
      0.041,
      0.133,
      0.652,
      1.0
    ]
  ]
}